x pos      y pos     time     
25     83     1     
26     83     2     
28     83     3     
28     84     4     
30     85     5     
31     85     6     
32     86     7     
33     87     8     
34     88     9     
35     88     10     
36     88     11     
37     88     12     
38     88     13     
39     88     14     
40     87     15     
41     86     16     
43     86     17     
45     85     18     
45     84     19     
47     84     20     
48     84     21     
49     83     22     
52     83     23     
53     82     24     
54     82     25     
55     82     26     
56     82     27     
57     82     28     
58     82     29     
59     82     30     
60     82     31     
61     82     32     
62     82     33     
63     83     34     
65     84     35     
66     84     36     
67     85     37     
67     86     38     
68     86     39     
69     87     40     
70     88     41     
71     89     42     
72     90     43     
73     91     44     
75     92     45     
75     93     46     
76     93     47     
77     93     48     
78     93     49     
78     94     50     
79     94     51     
81     95     52     
82     95     53     
84     95     54     
86     95     55     
88     95     56     
91     95     57     
94     95     58     
96     95     59     
98     96     60     
99     96     61     
100     96     62     
101     96     63     
102     96     64     
103     96     65     
104     96     66     
105     96     67     
106     96     68     
107     96     69     
108     96     70     
110     96     71     
112     96     72     
114     96     73     
115     96     74     
117     96     75     
118     96     76     
119     96     77     
121     96     78     
122     97     79     
123     97     80     
124     97     81     
125     97     82     
126     97     83     
127     97     84     
129     97     85     
131     97     86     
133     97     87     
134     97     88     
136     97     89     
139     97     90     
142     98     91     
145     98     92     
148     98     93     
151     98     94     
154     99     95     
157     100     96     
160     100     97     
162     100     98     
165     100     99     
166     100     100     
167     100     101     
169     101     102     
171     102     103     
173     103     104     
175     103     105     
177     103     106     
179     104     107     
182     105     108     
184     106     109     
186     106     110     
187     106     111     
188     106     112     
189     106     113     
190     106     114     
191     106     115     
192     105     116     
193     105     117     
194     105     118     
195     104     119     
196     104     120     
198     104     121     
200     104     122     
203     104     123     
206     104     124     
209     103     125     
215     103     126     
220     103     127     
226     103     128     
230     103     129     
233     103     130     
236     103     131     
238     103     132     
240     103     133     
241     103     134     
242     103     135     
242     102     136     
245     101     137     
247     101     138     
249     101     139     
251     101     140     
252     101     141     
253     100     142     
254     100     143     
255     100     144     
255     99     145     
256     98     146     
257     97     147     
258     97     148     
258     96     149     
259     96     150     
259     95     151     
260     95     152     
260     94     153     
261     94     154     
262     94     155     
263     94     156     
264     94     157     
265     94     158     
266     94     159     
267     94     160     
268     94     161     
270     94     162     
272     94     163     
274     94     164     
276     94     165     
278     95     166     
280     95     167     
281     96     168     
282     96     169     
283     96     170     
284     96     171     
285     96     172     
286     96     173     
288     97     174     
292     98     175     
294     98     176     
297     99     177     
303     100     178     
307     102     179     
312     104     180     
316     105     181     
320     106     182     
322     106     183     
324     106     184     
325     106     185     
326     106     186     
327     106     187     
328     106     188     
329     106     189     
330     107     190     
331     107     191     
332     107     192     
333     107     193     
334     107     194     
335     107     195     
336     107     196     
337     107     197     
338     107     198     
339     107     199     
340     107     200     
341     107     201     
342     107     202     
343     107     203     
344     107     204     
577     236     205     
575     235     206     
573     233     207     
569     230     208     
564     227     209     
561     224     210     
555     221     211     
547     218     212     
540     215     213     
534     212     214     
528     211     215     
522     209     216     
517     207     217     
512     205     218     
506     203     219     
500     201     220     
496     201     221     
490     200     222     
482     199     223     
476     197     224     
467     194     225     
460     192     226     
451     189     227     
444     187     228     
436     185     229     
427     182     230     
419     180     231     
410     177     232     
402     176     233     
393     175     234     
388     174     235     
382     172     236     
376     171     237     
370     169     238     
364     167     239     
358     166     240     
353     165     241     
347     164     242     
341     163     243     
337     162     244     
334     161     245     
330     160     246     
327     159     247     
324     159     248     
321     158     249     
315     157     250     
309     156     251     
304     155     252     
297     154     253     
288     153     254     
281     152     255     
273     151     256     
264     150     257     
257     149     258     
252     148     259     
245     147     260     
239     146     261     
236     145     262     
233     144     263     
231     144     264     
229     144     265     
228     144     266     
225     143     267     
223     142     268     
221     141     269     
219     141     270     
216     140     271     
212     139     272     
208     138     273     
202     136     274     
198     135     275     
194     135     276     
190     133     277     
186     131     278     
183     129     279     
180     129     280     
175     128     281     
172     127     282     
170     126     283     
168     125     284     
166     125     285     
163     124     286     
161     123     287     
159     122     288     
157     122     289     
154     121     290     
152     120     291     
151     119     292     
150     119     293     
150     118     294     
150     116     295     
152     115     296     
157     113     297     
164     112     298     
172     110     299     
183     109     300     
195     109     301     
208     109     302     
218     109     303     
228     109     304     
238     109     305     
244     109     306     
250     109     307     
258     109     308     
267     109     309     
275     109     310     
283     108     311     
292     107     312     
301     107     313     
311     107     314     
320     106     315     
329     106     316     
337     105     317     
347     104     318     
356     103     319     
366     102     320     
376     102     321     
385     102     322     
395     102     323     
406     102     324     
415     101     325     
425     101     326     
433     101     327     
439     102     328     
443     102     329     
446     103     330     
448     103     331     
449     104     332     
450     104     333     
451     104     334     
452     104     335     
452     105     336     
454     106     337     
458     106     338     
463     107     339     
469     109     340     
475     111     341     
481     114     342     
487     116     343     
493     119     344     
496     121     345     
500     122     346     
502     122     347     
504     123     348     
506     123     349     
508     124     350     
509     124     351     
509     125     352     
512     125     353     
516     125     354     
88     263     355     
88     261     356     
88     258     357     
88     255     358     
88     252     359     
88     250     360     
88     247     361     
88     244     362     
88     241     363     
88     238     364     
89     234     365     
91     231     366     
93     227     367     
97     223     368     
102     219     369     
110     214     370     
117     211     371     
124     208     372     
133     205     373     
140     202     374     
149     199     375     
157     195     376     
166     193     377     
176     191     378     
186     188     379     
194     184     380     
203     181     381     
210     179     382     
218     177     383     
228     176     384     
238     175     385     
246     174     386     
256     173     387     
264     172     388     
275     168     389     
288     165     390     
300     162     391     
312     158     392     
327     155     393     
342     153     394     
357     152     395     
372     151     396     
386     151     397     
399     150     398     
409     150     399     
419     150     400     
428     149     401     
436     149     402     
445     149     403     
452     149     404     
457     150     405     
463     151     406     
467     151     407     
470     151     408     
475     151     409     
478     150     410     
481     149     411     
483     149     412     
485     148     413     
489     147     414     
492     147     415     
497     146     416     
503     146     417     
511     145     418     
519     145     419     
526     145     420     
532     145     421     
535     145     422     
537     145     423     
539     145     424     
540     146     425     
541     146     426     
542     146     427     
543     146     428     
543     147     429     
544     147     430     
32     75     431     
34     76     432     
37     79     433     
41     81     434     
44     83     435     
50     84     436     
59     87     437     
71     91     438     
84     94     439     
96     96     440     
110     99     441     
122     103     442     
135     108     443     
147     110     444     
161     112     445     
174     115     446     
185     116     447     
194     117     448     
204     118     449     
211     119     450     
217     120     451     
222     120     452     
228     120     453     
235     120     454     
243     120     455     
255     119     456     
271     116     457     
288     115     458     
308     115     459     
328     115     460     
345     115     461     
362     115     462     
377     115     463     
389     115     464     
402     115     465     
414     114     466     
422     113     467     
429     112     468     
435     112     469     
441     112     470     
448     113     471     
456     114     472     
464     115     473     
470     116     474     
477     117     475     
483     119     476     
488     120     477     
491     121     478     
495     122     479     
498     122     480     
502     123     481     
505     124     482     
508     125     483     
510     126     484     
512     127     485     
516     130     486     
519     131     487     
523     134     488     
525     136     489     
529     139     490     
532     141     491     
534     142     492     
538     144     493     
540     145     494     
542     145     495     
544     147     496     
547     148     497     
556     150     498     
564     152     499     
577     154     500     
589     158     501     
597     161     502     
603     163     503     
606     164     504     
607     165     505     
607     166     506     
607     167     507     
528     215     508     
526     215     509     
521     216     510     
516     217     511     
507     217     512     
498     217     513     
488     217     514     
476     217     515     
463     214     516     
451     213     517     
435     209     518     
416     205     519     
397     201     520     
378     197     521     
359     193     522     
338     188     523     
316     184     524     
298     181     525     
281     178     526     
266     175     527     
253     172     528     
241     168     529     
231     166     530     
222     164     531     
214     161     532     
205     159     533     
198     157     534     
191     154     535     
181     150     536     
171     147     537     
161     143     538     
148     137     539     
135     130     540     
125     124     541     
117     121     542     
109     118     543     
104     116     544     
100     115     545     
97     114     546     
95     113     547     
93     113     548     
92     113     549     
91     113     550     
90     113     551     
88     113     552     
86     113     553     
82     114     554     
78     114     555     
72     115     556     
64     115     557     
56     115     558     
50     115     559     
46     116     560     
43     117     561     
41     117     562     
40     118     563     
39     119     564     
38     122     565     
38     125     566     
37     128     567     
36     134     568     
34     141     569     
31     148     570     
27     155     571     
24     162     572     
22     166     573     
20     170     574     
19     172     575     
18     173     576     
18     175     577     
18     176     578     
18     177     579     
18     178     580     
19     178     581     
20     180     582     
21     181     583     
22     181     584     
23     182     585     
123     212     586     
122     212     587     
122     211     588     
127     209     589     
136     205     590     
146     202     591     
158     198     592     
172     194     593     
191     185     594     
211     176     595     
232     169     596     
251     163     597     
268     160     598     
287     156     599     
311     149     600     
338     146     601     
365     142     602     
396     138     603     
432     131     604     
462     124     605     
490     124     606     
513     123     607     
528     122     608     
540     121     609     
550     120     610     
555     119     611     
561     119     612     
564     119     613     
566     119     614     
568     119     615     
569     119     616     
571     119     617     
572     120     618     
574     120     619     
576     121     620     
580     122     621     
584     123     622     
590     124     623     
593     124     624     
595     125     625     
596     125     626     
597     126     627     
599     127     628     
600     127     629     
601     127     630     
602     127     631     
603     127     632     
603     128     633     
77     210     634     
80     208     635     
84     205     636     
91     202     637     
99     199     638     
108     198     639     
118     195     640     
126     192     641     
135     190     642     
143     189     643     
150     189     644     
158     188     645     
167     187     646     
174     186     647     
179     186     648     
184     185     649     
187     185     650     
191     184     651     
196     183     652     
202     181     653     
209     180     654     
216     179     655     
224     179     656     
232     179     657     
240     179     658     
249     179     659     
257     179     660     
264     178     661     
271     177     662     
278     175     663     
287     173     664     
294     172     665     
299     171     666     
306     170     667     
313     170     668     
320     169     669     
327     168     670     
334     167     671     
342     166     672     
349     165     673     
354     164     674     
360     163     675     
367     162     676     
375     162     677     
384     162     678     
393     162     679     
401     161     680     
413     158     681     
424     157     682     
435     156     683     
446     155     684     
455     154     685     
465     153     686     
473     152     687     
480     151     688     
486     150     689     
493     149     690     
499     147     691     
505     146     692     
508     145     693     
511     144     694     
516     143     695     
519     142     696     
523     141     697     
529     140     698     
535     139     699     
541     138     700     
547     138     701     
553     138     702     
559     137     703     
564     136     704     
570     135     705     
573     134     706     
576     134     707     
579     134     708     
579     133     709     
580     133     710     
580     132     711     
581     131     712     
582     130     713     
583     130     714     
583     129     715     
584     129     716     
585     129     717     
586     129     718     
586     128     719     
587     128     720     
588     128     721     
587     128     722     
41     203     723     
46     201     724     
52     198     725     
61     195     726     
69     191     727     
79     188     728     
92     186     729     
107     183     730     
122     182     731     
135     182     732     
149     181     733     
159     180     734     
168     180     735     
179     180     736     
189     180     737     
198     179     738     
207     178     739     
214     177     740     
220     176     741     
225     175     742     
234     174     743     
242     172     744     
250     171     745     
261     170     746     
275     170     747     
290     170     748     
302     170     749     
314     170     750     
324     170     751     
334     169     752     
342     166     753     
350     166     754     
359     165     755     
367     165     756     
373     164     757     
378     164     758     
384     163     759     
388     162     760     
394     161     761     
399     159     762     
405     158     763     
412     157     764     
417     157     765     
426     156     766     
434     155     767     
443     155     768     
453     154     769     
463     153     770     
474     150     771     
484     148     772     
492     147     773     
500     147     774     
509     147     775     
515     147     776     
524     147     777     
532     148     778     
540     149     779     
546     149     780     
553     149     781     
559     149     782     
566     149     783     
571     148     784     
574     148     785     
577     148     786     
581     148     787     
584     147     788     
587     146     789     
590     146     790     
593     146     791     
595     146     792     
597     146     793     
599     146     794     
601     146     795     
604     146     796     
607     146     797     
611     146     798     
614     146     799     
617     145     800     
620     145     801     
623     145     802     
625     145     803     
627     145     804     
629     144     805     
631     143     806     
632     142     807     
633     142     808     
633     141     809     
632     141     810     
67     207     811     
72     207     812     
80     207     813     
88     207     814     
100     207     815     
113     207     816     
125     207     817     
137     207     818     
149     205     819     
162     204     820     
175     203     821     
189     202     822     
203     201     823     
215     199     824     
228     196     825     
240     195     826     
251     194     827     
263     193     828     
277     192     829     
288     192     830     
299     192     831     
308     192     832     
322     191     833     
333     190     834     
345     187     835     
357     186     836     
370     185     837     
381     182     838     
391     179     839     
401     176     840     
411     173     841     
420     170     842     
430     168     843     
440     165     844     
452     164     845     
467     163     846     
482     162     847     
499     161     848     
519     161     849     
534     161     850     
547     162     851     
560     163     852     
569     163     853     
578     163     854     
586     163     855     
589     163     856     
592     163     857     
594     162     858     
595     161     859     
595     160     860     
596     160     861     
596     159     862     
38     64     863     
38     65     864     
38     66     865     
39     68     866     
41     71     867     
45     73     868     
49     76     869     
54     80     870     
60     84     871     
66     87     872     
73     91     873     
79     94     874     
86     97     875     
92     100     876     
98     103     877     
104     106     878     
110     108     879     
116     110     880     
122     111     881     
128     113     882     
133     114     883     
139     116     884     
144     118     885     
150     120     886     
153     122     887     
156     123     888     
160     126     889     
164     129     890     
167     130     891     
171     131     892     
177     133     893     
183     135     894     
190     136     895     
196     137     896     
206     137     897     
214     138     898     
222     139     899     
230     139     900     
239     140     901     
251     140     902     
263     140     903     
276     140     904     
288     138     905     
302     137     906     
315     136     907     
330     136     908     
345     136     909     
359     138     910     
371     140     911     
381     143     912     
385     143     913     
391     143     914     
395     143     915     
397     142     916     
399     141     917     
401     140     918     
404     140     919     
409     139     920     
413     138     921     
418     137     922     
423     136     923     
428     136     924     
432     136     925     
436     136     926     
442     136     927     
447     137     928     
455     138     929     
463     139     930     
471     140     931     
480     141     932     
486     143     933     
491     145     934     
497     148     935     
502     152     936     
507     156     937     
513     160     938     
520     163     939     
526     166     940     
530     170     941     
535     173     942     
538     174     943     
540     176     944     
540     177     945     
541     177     946     
542     177     947     
570     228     948     
568     227     949     
562     226     950     
552     225     951     
543     224     952     
530     222     953     
518     221     954     
502     217     955     
486     213     956     
464     207     957     
439     201     958     
419     196     959     
400     192     960     
384     188     961     
371     184     962     
359     180     963     
347     174     964     
337     170     965     
328     166     966     
319     163     967     
310     160     968     
300     156     969     
290     152     970     
281     149     971     
271     146     972     
262     145     973     
254     144     974     
247     141     975     
240     140     976     
231     139     977     
223     138     978     
215     136     979     
205     133     980     
193     130     981     
181     127     982     
167     125     983     
150     121     984     
137     118     985     
126     116     986     
116     115     987     
107     113     988     
101     113     989     
97     113     990     
94     113     991     
91     112     992     
88     112     993     
85     112     994     
82     111     995     
79     111     996     
75     110     997     
71     110     998     
67     109     999     
65     109     1000     
63     109     1001     
62     109     1002     
61     108     1003     
60     108     1004     
59     108     1005     
57     108     1006     
57     109     1007     
56     110     1008     
55     113     1009     
55     116     1010     
54     119     1011     
54     124     1012     
54     130     1013     
55     138     1014     
56     148     1015     
57     158     1016     
58     166     1017     
59     171     1018     
59     174     1019     
60     174     1020     
60     175     1021     
61     175     1022     
61     176     1023     
63     177     1024     
63     178     1025     
64     178     1026     
64     179     1027     
64     180     1028     
64     181     1029     
64     182     1030     
64     184     1031     
64     185     1032     
64     186     1033     
64     187     1034     
65     188     1035     
66     188     1036     
66     189     1037     
66     190     1038     
67     190     1039     
134     219     1040     
134     217     1041     
136     216     1042     
138     214     1043     
140     214     1044     
144     212     1045     
150     210     1046     
155     209     1047     
164     206     1048     
173     203     1049     
181     200     1050     
191     196     1051     
201     193     1052     
213     188     1053     
229     185     1054     
242     182     1055     
257     179     1056     
273     176     1057     
288     175     1058     
301     172     1059     
310     170     1060     
320     166     1061     
331     163     1062     
343     160     1063     
355     157     1064     
369     154     1065     
383     152     1066     
396     149     1067     
406     148     1068     
416     147     1069     
421     146     1070     
426     145     1071     
429     145     1072     
432     144     1073     
434     144     1074     
435     143     1075     
435     142     1076     
436     142     1077     
437     142     1078     
439     141     1079     
444     140     1080     
452     139     1081     
462     139     1082     
472     138     1083     
483     137     1084     
492     137     1085     
502     137     1086     
511     137     1087     
521     138     1088     
531     139     1089     
540     140     1090     
549     140     1091     
555     140     1092     
561     140     1093     
563     140     1094     
564     141     1095     
564     142     1096     
563     143     1097     
562     143     1098     
533     221     1099     
533     220     1100     
532     220     1101     
530     219     1102     
526     218     1103     
522     217     1104     
518     216     1105     
512     215     1106     
504     215     1107     
491     214     1108     
479     213     1109     
456     212     1110     
426     207     1111     
407     203     1112     
394     199     1113     
381     195     1114     
371     190     1115     
362     186     1116     
356     182     1117     
350     175     1118     
345     171     1119     
341     168     1120     
339     165     1121     
335     163     1122     
332     160     1123     
328     157     1124     
325     156     1125     
319     154     1126     
313     151     1127     
307     150     1128     
301     148     1129     
293     146     1130     
282     143     1131     
269     141     1132     
254     139     1133     
239     138     1134     
222     136     1135     
205     133     1136     
193     128     1137     
183     124     1138     
176     121     1139     
170     119     1140     
164     117     1141     
159     114     1142     
156     113     1143     
153     112     1144     
151     111     1145     
149     110     1146     
147     109     1147     
145     109     1148     
143     108     1149     
141     107     1150     
139     107     1151     
137     106     1152     
134     106     1153     
131     105     1154     
127     104     1155     
124     103     1156     
121     103     1157     
116     103     1158     
110     102     1159     
103     101     1160     
95     100     1161     
89     100     1162     
85     99     1163     
82     99     1164     
79     99     1165     
79     98     1166     
78     98     1167     
76     98     1168     
74     98     1169     
70     99     1170     
64     100     1171     
59     100     1172     
53     100     1173     
49     100     1174     
46     100     1175     
43     99     1176     
40     98     1177     
39     98     1178     
38     97     1179     
37     96     1180     
36     95     1181     
35     95     1182     
35     94     1183     
34     93     1184     
32     92     1185     
32     91     1186     
31     90     1187     
30     90     1188     
30     88     1189     
29     88     1190     
28     86     1191     
27     85     1192     
26     84     1193     
26     83     1194     
26     82     1195     
26     81     1196     
26     80     1197     
26     79     1198     
